image_00: 0.0371783278 -0.0986182135 0.9944306009 1.5752681039 0.9992675562 -0.0053553387 -0.0378902567 0.0043914093 0.0090621821 0.9951109327 0.0983468786 -0.6500000000 
image_01: 0.0194000864 -0.1051529641 0.9942668106 1.5977241400 0.9997374956 -0.0100836652 -0.0205732716 0.5981494900 0.0121891942 0.9944049345 0.1049297370 -0.6488433108 
image_02: 0.9995185086 0.0041276589 -0.0307524527 0.7264036936 -0.0307926666 0.0100608424 -0.9994751579 -0.1499658517 -0.0038160970 0.9999408692 0.0101830998 -1.0686400091 
image_03: -0.9996821702 0.0005703407 -0.0252038325 0.7016842127 -0.0252033830 0.0007820814 0.9996820384 0.7463650950 0.0005898709 0.9999995315 -0.0007674583 -1.0751978255 
