%YAML:1.0
model_type: MEI
camera_name: image_02
image_width: 1400
image_height: 1400
mirror_parameters:
   xi: 2.2134047507854890e+00
distortion_parameters:
   k1: 1.6798235660113681e-02
   k2: 1.6548773243373522e+00
   p1: 4.2223943394772046e-04
   p2: 4.2462134260997584e-04
projection_parameters:
   gamma1: 1.3363220825849971e+03
   gamma2: 1.3357883350012958e+03
   u0: 7.1694323510126321e+02
   v0: 7.0576498308221585e+02
